349
668
993
1301
1603
1953
2251
2547
2897
3205
3481
3838
4193
4544
4833
5156
5454
5758
6036
6378
6665
7005
7275
7551
7864
8221
8568
8896
9217
9585
9861
10161
10442
10784
11069
11424
11809
12173
12462
12806
13142
13448
13770
14034
14344
14654
14945
15227
15482
15756
16073
16398
16718
17016
17288
17577
17866
18183
18549
18847
19153
19474
19721
19991
20265
20561
20906
21229
21534
21843
22138
22440
22780
23090
23371
23743
24015
24361
24654
25020
25322
25581
25870
26178
26478
26756
27066
27355
27640
27951
28236
28568
28855
29133
29559
29820
30094
30375
30690
30981
31257
31560
31911
32207
32494
32768
33113
33345
33653
34010
34299
34586
34909
35196
35532
35783
36083
36438
36740
37042
37355
37648
37983
38253
38566
38868
39161
39499
39850
40190
40486
40799
41105
41396
41681
41998
42364
42662
42990
43358
43690
43977
44251
44647
44987
45256
45545
45821
46129
46461
46767
47121
47476
47765
48054
48373
48739
49024
49341
49630
49966
50306
50584
50905
51224
51530
51813
52126
52411
52783
53123
53406
53687
54004
54310
54634
54947
55228
55515
55845
56136
56425
56808
57093
57423
57697
57988
58232
58493
58795
59084
59397
59792
60184
60488
60796
61062
61358
61709
62049
62327
62672
63021
63393
63688
64005
64301
64607
64922
65205
